Time(s)	UC1(V)	UC2(V)	I2(A)	U2(V)	U1(V)
0.000000	0.000000	0.000000	0.000000	0.000000	-10.000000
0.000015	-0.000000	-0.000000	-0.000010	-0.000308	-9.900000
0.000030	-0.000000	-0.000000	-0.000020	-0.000614	-9.800000
0.000045	-0.000000	-0.000000	-0.000030	-0.000916	-9.700000
0.000060	-0.000001	-0.000000	-0.000039	-0.001215	-9.600000
0.000075	-0.000001	-0.000001	-0.000049	-0.001511	-9.500000
0.000090	-0.000002	-0.000001	-0.000058	-0.001805	-9.400000
0.000105	-0.000002	-0.000001	-0.000068	-0.002095	-9.300000
0.000120	-0.000003	-0.000002	-0.000077	-0.002381	-9.200000
0.000135	-0.000004	-0.000002	-0.000086	-0.002665	-9.100000
0.000150	-0.000005	-0.000002	-0.000095	-0.002946	-9.000000
0.000165	-0.000006	-0.000003	-0.000104	-0.003224	-8.900000
0.000180	-0.000007	-0.000004	-0.000113	-0.003498	-8.800000
0.000195	-0.000008	-0.000004	-0.000121	-0.003770	-8.700000
0.000210	-0.000009	-0.000005	-0.000130	-0.004038	-8.600000
0.000225	-0.000011	-0.000006	-0.000139	-0.004303	-8.500000
0.000240	-0.000012	-0.000006	-0.000147	-0.004566	-8.400000
0.000255	-0.000014	-0.000007	-0.000155	-0.004825	-8.300000
0.000270	-0.000015	-0.000008	-0.000164	-0.005081	-8.200000
0.000285	-0.000017	-0.000009	-0.000172	-0.005334	-8.100000
0.000300	-0.000019	-0.000010	-0.000180	-0.005584	-8.000000
0.000315	-0.000020	-0.000011	-0.000188	-0.005830	-7.900000
0.000330	-0.000022	-0.000012	-0.000196	-0.006074	-7.800000
0.000345	-0.000024	-0.000013	-0.000203	-0.006315	-7.700000
0.000360	-0.000026	-0.000014	-0.000211	-0.006552	-7.600000
0.000375	-0.000028	-0.000015	-0.000218	-0.006787	-7.500000
0.000390	-0.000031	-0.000016	-0.000226	-0.007018	-7.400000
0.000405	-0.000033	-0.000017	-0.000233	-0.007246	-7.300000
0.000420	-0.000035	-0.000018	-0.000240	-0.007472	-7.200000
0.000435	-0.000038	-0.000020	-0.000248	-0.007694	-7.100000
0.000450	-0.000040	-0.000021	-0.000255	-0.007913	-7.000000
0.000465	-0.000043	-0.000022	-0.000262	-0.008129	-6.900000
0.000480	-0.000045	-0.000024	-0.000268	-0.008342	-6.800000
0.000495	-0.000048	-0.000025	-0.000275	-0.008551	-6.700000
0.000510	-0.000051	-0.000026	-0.000282	-0.008758	-6.600000
0.000525	-0.000054	-0.000028	-0.000288	-0.008962	-6.500000
0.000540	-0.000056	-0.000029	-0.000295	-0.009162	-6.400000
0.000555	-0.000059	-0.000031	-0.000301	-0.009360	-6.300000
0.000570	-0.000062	-0.000033	-0.000307	-0.009554	-6.200000
0.000585	-0.000065	-0.000034	-0.000313	-0.009745	-6.100000
0.000600	-0.000069	-0.000036	-0.000319	-0.009933	-6.000000
0.000615	-0.000072	-0.000037	-0.000325	-0.010119	-5.900000
0.000630	-0.000075	-0.000039	-0.000331	-0.010301	-5.800000
0.000645	-0.000078	-0.000041	-0.000337	-0.010479	-5.700000
0.000660	-0.000082	-0.000043	-0.000342	-0.010655	-5.600000
0.000675	-0.000085	-0.000044	-0.000348	-0.010828	-5.500000
0.000690	-0.000088	-0.000046	-0.000353	-0.010998	-5.400000
0.000705	-0.000092	-0.000048	-0.000359	-0.011164	-5.300000
0.000720	-0.000095	-0.000050	-0.000364	-0.011328	-5.200000
0.000735	-0.000099	-0.000052	-0.000369	-0.011488	-5.100000
0.000750	-0.000103	-0.000054	-0.000374	-0.011645	-5.000000
0.000765	-0.000106	-0.000056	-0.000379	-0.011799	-4.900000
0.000780	-0.000110	-0.000058	-0.000384	-0.011950	-4.800000
0.000795	-0.000114	-0.000060	-0.000388	-0.012098	-4.700000
0.000810	-0.000118	-0.000062	-0.000393	-0.012243	-4.600000
0.000825	-0.000121	-0.000064	-0.000397	-0.012385	-4.500000
0.000840	-0.000125	-0.000066	-0.000402	-0.012524	-4.400000
0.000855	-0.000129	-0.000068	-0.000406	-0.012660	-4.300000
0.000870	-0.000133	-0.000070	-0.000410	-0.012792	-4.200000
0.000885	-0.000137	-0.000072	-0.000414	-0.012921	-4.100000
0.000900	-0.000141	-0.000074	-0.000419	-0.013048	-4.000000
0.000915	-0.000145	-0.000076	-0.000422	-0.013171	-3.900000
0.000930	-0.000150	-0.000079	-0.000426	-0.013291	-3.800000
0.000945	-0.000154	-0.000081	-0.000430	-0.013408	-3.700000
0.000960	-0.000158	-0.000083	-0.000434	-0.013522	-3.600000
0.000975	-0.000162	-0.000085	-0.000437	-0.013633	-3.500000
0.000990	-0.000166	-0.000088	-0.000440	-0.013741	-3.400000
0.001005	-0.000171	-0.000090	-0.000444	-0.013846	-3.300000
0.001020	-0.000175	-0.000092	-0.000447	-0.013947	-3.200000
0.001035	-0.000179	-0.000095	-0.000450	-0.014046	-3.100000
0.001050	-0.000184	-0.000097	-0.000453	-0.014141	-3.000000
0.001065	-0.000188	-0.000099	-0.000456	-0.014234	-2.900000
0.001080	-0.000193	-0.000102	-0.000459	-0.014323	-2.800000
0.001095	-0.000197	-0.000104	-0.000461	-0.014409	-2.700000
0.001110	-0.000202	-0.000106	-0.000464	-0.014492	-2.600000
0.001125	-0.000206	-0.000109	-0.000467	-0.014572	-2.500000
0.001140	-0.000211	-0.000111	-0.000469	-0.014649	-2.400000
0.001155	-0.000215	-0.000114	-0.000471	-0.014723	-2.300000
0.001170	-0.000220	-0.000116	-0.000473	-0.014793	-2.200000
0.001185	-0.000224	-0.000119	-0.000476	-0.014861	-2.100000
0.001200	-0.000229	-0.000121	-0.000478	-0.014925	-2.000000
0.001215	-0.000233	-0.000123	-0.000479	-0.014987	-1.900000
0.001230	-0.000238	-0.000126	-0.000481	-0.015045	-1.800000
0.001245	-0.000243	-0.000128	-0.000483	-0.015100	-1.700000
0.001260	-0.000247	-0.000131	-0.000485	-0.015152	-1.600000
0.001275	-0.000252	-0.000133	-0.000486	-0.015201	-1.500000
0.001290	-0.000257	-0.000136	-0.000487	-0.015247	-1.400000
0.001305	-0.000261	-0.000139	-0.000489	-0.015290	-1.300000
0.001320	-0.000266	-0.000141	-0.000490	-0.015330	-1.200000
0.001335	-0.000271	-0.000144	-0.000491	-0.015366	-1.100000
0.001350	-0.000275	-0.000146	-0.000492	-0.015400	-1.000000
0.001365	-0.000280	-0.000149	-0.000493	-0.015430	-0.900000
0.001380	-0.000285	-0.000151	-0.000494	-0.015457	-0.800000
0.001395	-0.000290	-0.000154	-0.000494	-0.015482	-0.700000
0.001410	-0.000294	-0.000156	-0.000495	-0.015503	-0.600000
0.001425	-0.000299	-0.000159	-0.000496	-0.015521	-0.500000
0.001440	-0.000304	-0.000161	-0.000496	-0.015536	-0.400000
0.001455	-0.000308	-0.000164	-0.000496	-0.015547	-0.300000
0.001470	-0.000313	-0.000167	-0.000496	-0.015556	-0.200000
0.001485	-0.000318	-0.000169	-0.000497	-0.015562	-0.100000
0.001500	-0.000323	-0.000172	-0.000497	-0.015564	0.000000
0.001515	-0.000327	-0.000174	-0.000496	-0.015564	0.100000
0.001530	-0.000332	-0.000177	-0.000496	-0.015560	0.200000
0.001545	-0.000337	-0.000179	-0.000496	-0.015553	0.300000
0.001560	-0.000341	-0.000182	-0.000496	-0.015543	0.400000
0.001575	-0.000346	-0.000185	-0.000495	-0.015530	0.500000
0.001590	-0.000351	-0.000187	-0.000494	-0.015514	0.600000
0.001605	-0.000355	-0.000190	-0.000494	-0.015495	0.700000
0.001620	-0.000360	-0.000192	-0.000493	-0.015473	0.800000
0.001635	-0.000365	-0.000195	-0.000492	-0.015447	0.900000
0.001650	-0.000369	-0.000197	-0.000491	-0.015419	1.000000
0.001665	-0.000374	-0.000200	-0.000490	-0.015387	1.100000
0.001680	-0.000379	-0.000202	-0.000489	-0.015352	1.200000
0.001695	-0.000383	-0.000205	-0.000487	-0.015314	1.300000
0.001710	-0.000388	-0.000207	-0.000486	-0.015274	1.400000
0.001725	-0.000392	-0.000210	-0.000485	-0.015230	1.500000
0.001740	-0.000397	-0.000212	-0.000483	-0.015182	1.600000
0.001755	-0.000401	-0.000215	-0.000481	-0.015132	1.700000
0.001770	-0.000406	-0.000217	-0.000479	-0.015079	1.800000
0.001785	-0.000410	-0.000220	-0.000477	-0.015022	1.900000
0.001800	-0.000415	-0.000222	-0.000475	-0.014963	2.000000
0.001815	-0.000419	-0.000225	-0.000473	-0.014900	2.100000
0.001830	-0.000424	-0.000227	-0.000471	-0.014834	2.200000
0.001845	-0.000428	-0.000230	-0.000469	-0.014766	2.300000
0.001860	-0.000432	-0.000232	-0.000467	-0.014694	2.400000
0.001875	-0.000437	-0.000235	-0.000464	-0.014619	2.500000
0.001890	-0.000441	-0.000237	-0.000461	-0.014540	2.600000
0.001905	-0.000445	-0.000239	-0.000459	-0.014459	2.700000
0.001920	-0.000449	-0.000242	-0.000456	-0.014375	2.800000
0.001935	-0.000454	-0.000244	-0.000453	-0.014287	2.900000
0.001950	-0.000458	-0.000246	-0.000450	-0.014197	3.000000
0.001965	-0.000462	-0.000249	-0.000447	-0.014103	3.100000
0.001980	-0.000466	-0.000251	-0.000444	-0.014006	3.200000
0.001995	-0.000470	-0.000253	-0.000440	-0.013906	3.300000
0.002010	-0.000474	-0.000256	-0.000437	-0.013803	3.400000
0.002025	-0.000478	-0.000258	-0.000434	-0.013697	3.500000
0.002040	-0.000482	-0.000260	-0.000430	-0.013588	3.600000
0.002055	-0.000486	-0.000262	-0.000426	-0.013476	3.700000
0.002070	-0.000490	-0.000264	-0.000422	-0.013360	3.800000
0.002085	-0.000494	-0.000267	-0.000419	-0.013242	3.900000
0.002100	-0.000497	-0.000269	-0.000415	-0.013120	4.000000
0.002115	-0.000501	-0.000271	-0.000410	-0.012995	4.100000
0.002130	-0.000505	-0.000273	-0.000406	-0.012867	4.200000
0.002145	-0.000509	-0.000275	-0.000402	-0.012736	4.300000
0.002160	-0.000512	-0.000277	-0.000398	-0.012602	4.400000
0.002175	-0.000516	-0.000279	-0.000393	-0.012465	4.500000
0.002190	-0.000519	-0.000281	-0.000388	-0.012325	4.600000
0.002205	-0.000523	-0.000283	-0.000384	-0.012181	4.700000
0.002220	-0.000526	-0.000285	-0.000379	-0.012035	4.800000
0.002235	-0.000529	-0.000287	-0.000374	-0.011885	4.900000
0.002250	-0.000533	-0.000289	-0.000369	-0.011732	5.000000
0.002265	-0.000536	-0.000291	-0.000364	-0.011576	5.100000
0.002280	-0.000539	-0.000293	-0.000359	-0.011417	5.200000
0.002295	-0.000542	-0.000295	-0.000354	-0.011255	5.300000
0.002310	-0.000545	-0.000296	-0.000348	-0.011090	5.400000
0.002325	-0.000548	-0.000298	-0.000343	-0.010922	5.500000
0.002340	-0.000551	-0.000300	-0.000337	-0.010750	5.600000
0.002355	-0.000554	-0.000302	-0.000331	-0.010576	5.700000
0.002370	-0.000557	-0.000303	-0.000326	-0.010398	5.800000
0.002385	-0.000560	-0.000305	-0.000320	-0.010218	5.900000
0.002400	-0.000563	-0.000307	-0.000314	-0.010034	6.000000
0.002415	-0.000565	-0.000308	-0.000308	-0.009847	6.100000
0.002430	-0.000568	-0.000310	-0.000302	-0.009657	6.200000
0.002445	-0.000571	-0.000311	-0.000295	-0.009463	6.300000
0.002460	-0.000573	-0.000313	-0.000289	-0.009267	6.400000
0.002475	-0.000575	-0.000314	-0.000282	-0.009068	6.500000
0.002490	-0.000578	-0.000316	-0.000276	-0.008865	6.600000
0.002505	-0.000580	-0.000317	-0.000269	-0.008660	6.700000
0.002520	-0.000582	-0.000319	-0.000262	-0.008451	6.800000
0.002535	-0.000584	-0.000320	-0.000255	-0.008239	6.900000
0.002550	-0.000587	-0.000321	-0.000248	-0.008024	7.000000
0.002565	-0.000589	-0.000323	-0.000241	-0.007806	7.100000
0.002580	-0.000590	-0.000324	-0.000234	-0.007585	7.200000
0.002595	-0.000592	-0.000325	-0.000227	-0.007360	7.300000
0.002610	-0.000594	-0.000326	-0.000220	-0.007133	7.400000
0.002625	-0.000596	-0.000327	-0.000212	-0.006902	7.500000
0.002640	-0.000597	-0.000328	-0.000205	-0.006669	7.600000
0.002655	-0.000599	-0.000329	-0.000197	-0.006432	7.700000
0.002670	-0.000600	-0.000330	-0.000189	-0.006192	7.800000
0.002685	-0.000602	-0.000331	-0.000181	-0.005949	7.900000
0.002700	-0.000603	-0.000332	-0.000173	-0.005703	8.000000
0.002715	-0.000604	-0.000333	-0.000165	-0.005453	8.100000
0.002730	-0.000606	-0.000334	-0.000157	-0.005201	8.200000
0.002745	-0.000607	-0.000335	-0.000149	-0.004946	8.300000
0.002760	-0.000608	-0.000336	-0.000140	-0.004687	8.400000
0.002775	-0.000608	-0.000336	-0.000132	-0.004425	8.500000
0.002790	-0.000609	-0.000337	-0.000123	-0.004160	8.600000
0.002805	-0.000610	-0.000338	-0.000115	-0.003893	8.700000
0.002820	-0.000611	-0.000338	-0.000106	-0.003621	8.800000
0.002835	-0.000611	-0.000339	-0.000097	-0.003347	8.900000
0.002850	-0.000612	-0.000339	-0.000088	-0.003070	9.000000
0.002865	-0.000612	-0.000340	-0.000079	-0.002790	9.100000
0.002880	-0.000612	-0.000340	-0.000070	-0.002506	9.200000
0.002895	-0.000612	-0.000340	-0.000061	-0.002219	9.300000
0.002910	-0.000613	-0.000341	-0.000051	-0.001930	9.400000
0.002925	-0.000613	-0.000341	-0.000042	-0.001637	9.500000
0.002940	-0.000612	-0.000341	-0.000032	-0.001341	9.600000
0.002955	-0.000612	-0.000341	-0.000023	-0.001042	9.700000
0.002970	-0.000612	-0.000341	-0.000013	-0.000739	9.800000
0.002985	-0.000612	-0.000341	-0.000003	-0.000434	9.900000
0.003000	-0.000611	-0.000341	0.000007	-0.000126	10.000000
0.003015	-0.000610	-0.000341	0.000017	0.000183	9.900000
0.003030	-0.000610	-0.000341	0.000027	0.000488	9.800000
0.003045	-0.000609	-0.000341	0.000037	0.000791	9.700000
0.003060	-0.000608	-0.000341	0.000046	0.001090	9.600000
0.003075	-0.000607	-0.000340	0.000056	0.001386	9.500000
0.003090	-0.000606	-0.000340	0.000065	0.001679	9.400000
0.003105	-0.000605	-0.000340	0.000074	0.001969	9.300000
0.003120	-0.000604	-0.000339	0.000084	0.002256	9.200000
0.003135	-0.000602	-0.000339	0.000093	0.002540	9.100000
0.003150	-0.000601	-0.000338	0.000102	0.002821	9.000000
0.003165	-0.000599	-0.000338	0.000111	0.003099	8.900000
0.003180	-0.000598	-0.000337	0.000120	0.003373	8.800000
0.003195	-0.000596	-0.000337	0.000128	0.003645	8.700000
0.003210	-0.000594	-0.000336	0.000137	0.003913	8.600000
0.003225	-0.000592	-0.000335	0.000146	0.004178	8.500000
0.003240	-0.000590	-0.000334	0.000154	0.004441	8.400000
0.003255	-0.000588	-0.000334	0.000162	0.004700	8.300000
0.003270	-0.000586	-0.000333	0.000171	0.004956	8.200000
0.003285	-0.000584	-0.000332	0.000179	0.005209	8.100000
0.003300	-0.000582	-0.000331	0.000187	0.005459	8.000000
0.003315	-0.000579	-0.000330	0.000195	0.005706	7.900000
0.003330	-0.000577	-0.000329	0.000203	0.005950	7.800000
0.003345	-0.000574	-0.000328	0.000210	0.006190	7.700000
0.003360	-0.000572	-0.000327	0.000218	0.006428	7.600000
0.003375	-0.000569	-0.000326	0.000225	0.006662	7.500000
0.003390	-0.000567	-0.000324	0.000233	0.006894	7.400000
0.003405	-0.000564	-0.000323	0.000240	0.007122	7.300000
0.003420	-0.000561	-0.000322	0.000247	0.007347	7.200000
0.003435	-0.000558	-0.000321	0.000255	0.007570	7.100000
0.003450	-0.000555	-0.000319	0.000262	0.007789	7.000000
0.003465	-0.000552	-0.000318	0.000268	0.008005	6.900000
0.003480	-0.000549	-0.000316	0.000275	0.008218	6.800000
0.003495	-0.000545	-0.000315	0.000282	0.008427	6.700000
0.003510	-0.000542	-0.000314	0.000289	0.008634	6.600000
0.003525	-0.000539	-0.000312	0.000295	0.008838	6.500000
0.003540	-0.000535	-0.000310	0.000302	0.009038	6.400000
0.003555	-0.000532	-0.000309	0.000308	0.009236	6.300000
0.003570	-0.000528	-0.000307	0.000314	0.009430	6.200000
0.003585	-0.000525	-0.000306	0.000320	0.009621	6.100000
0.003600	-0.000521	-0.000304	0.000326	0.009810	6.000000
0.003615	-0.000518	-0.000302	0.000332	0.009995	5.900000
0.003630	-0.000514	-0.000301	0.000338	0.010177	5.800000
0.003645	-0.000510	-0.000299	0.000344	0.010356	5.700000
0.003660	-0.000506	-0.000297	0.000349	0.010532	5.600000
0.003675	-0.000502	-0.000295	0.000355	0.010704	5.500000
0.003690	-0.000498	-0.000293	0.000360	0.010874	5.400000
0.003705	-0.000494	-0.000291	0.000366	0.011041	5.300000
0.003720	-0.000490	-0.000290	0.000371	0.011204	5.200000
0.003735	-0.000486	-0.000288	0.000376	0.011364	5.100000
0.003750	-0.000482	-0.000286	0.000381	0.011522	5.000000
0.003765	-0.000478	-0.000284	0.000386	0.011676	4.900000
0.003780	-0.000474	-0.000282	0.000391	0.011827	4.800000
0.003795	-0.000469	-0.000280	0.000395	0.011975	4.700000
0.003810	-0.000465	-0.000278	0.000400	0.012120	4.600000
0.003825	-0.000461	-0.000275	0.000404	0.012262	4.500000
0.003840	-0.000456	-0.000273	0.000409	0.012401	4.400000
0.003855	-0.000452	-0.000271	0.000413	0.012536	4.300000
0.003870	-0.000447	-0.000269	0.000417	0.012669	4.200000
0.003885	-0.000443	-0.000267	0.000421	0.012798	4.100000
0.003900	-0.000438	-0.000265	0.000425	0.012925	4.000000
0.003915	-0.000433	-0.000263	0.000429	0.013048	3.900000
0.003930	-0.000429	-0.000260	0.000433	0.013168	3.800000
0.003945	-0.000424	-0.000258	0.000437	0.013286	3.700000
0.003960	-0.000419	-0.000256	0.000440	0.013400	3.600000
0.003975	-0.000415	-0.000254	0.000444	0.013510	3.500000
0.003990	-0.000410	-0.000251	0.000447	0.013618	3.400000
0.004005	-0.000405	-0.000249	0.000451	0.013723	3.300000
0.004020	-0.000400	-0.000247	0.000454	0.013825	3.200000
0.004035	-0.000395	-0.000244	0.000457	0.013923	3.100000
0.004050	-0.000390	-0.000242	0.000460	0.014019	3.000000
0.004065	-0.000386	-0.000239	0.000463	0.014111	2.900000
0.004080	-0.000381	-0.000237	0.000466	0.014200	2.800000
0.004095	-0.000376	-0.000235	0.000468	0.014287	2.700000
0.004110	-0.000371	-0.000232	0.000471	0.014370	2.600000
0.004125	-0.000366	-0.000230	0.000474	0.014450	2.500000
0.004140	-0.000361	-0.000227	0.000476	0.014527	2.400000
0.004155	-0.000356	-0.000225	0.000478	0.014600	2.300000
0.004170	-0.000351	-0.000222	0.000480	0.014671	2.200000
0.004185	-0.000345	-0.000220	0.000483	0.014739	2.100000
0.004200	-0.000340	-0.000217	0.000485	0.014803	2.000000
0.004215	-0.000335	-0.000215	0.000486	0.014865	1.900000
0.004230	-0.000330	-0.000212	0.000488	0.014923	1.800000
0.004245	-0.000325	-0.000210	0.000490	0.014978	1.700000
0.004260	-0.000320	-0.000207	0.000492	0.015030	1.600000
0.004275	-0.000315	-0.000205	0.000493	0.015079	1.500000
0.004290	-0.000309	-0.000202	0.000494	0.015125	1.400000
0.004305	-0.000304	-0.000200	0.000496	0.015168	1.300000
0.004320	-0.000299	-0.000197	0.000497	0.015208	1.200000
0.004335	-0.000294	-0.000194	0.000498	0.015244	1.100000
0.004350	-0.000289	-0.000192	0.000499	0.015278	1.000000
0.004365	-0.000283	-0.000189	0.000500	0.015308	0.900000
0.004380	-0.000278	-0.000187	0.000501	0.015336	0.800000
0.004395	-0.000273	-0.000184	0.000501	0.015360	0.700000
0.004410	-0.000268	-0.000182	0.000502	0.015381	0.600000
0.004425	-0.000263	-0.000179	0.000503	0.015399	0.500000
0.004440	-0.000257	-0.000176	0.000503	0.015414	0.400000
0.004455	-0.000252	-0.000174	0.000503	0.015426	0.300000
0.004470	-0.000247	-0.000171	0.000503	0.015435	0.200000
0.004485	-0.000242	-0.000168	0.000504	0.015440	0.100000
0.004500	-0.000236	-0.000166	0.000504	0.015443	0.000000
0.004515	-0.000231	-0.000163	0.000503	0.015442	-0.100000
0.004530	-0.000226	-0.000161	0.000503	0.015439	-0.200000
0.004545	-0.000221	-0.000158	0.000503	0.015432	-0.300000
0.004560	-0.000216	-0.000155	0.000502	0.015422	-0.400000
0.004575	-0.000210	-0.000153	0.000502	0.015409	-0.500000
0.004590	-0.000205	-0.000150	0.000501	0.015393	-0.600000
0.004605	-0.000200	-0.000148	0.000501	0.015374	-0.700000
0.004620	-0.000195	-0.000145	0.000500	0.015352	-0.800000
0.004635	-0.000190	-0.000143	0.000499	0.015326	-0.900000
0.004650	-0.000185	-0.000140	0.000498	0.015298	-1.000000
0.004665	-0.000180	-0.000137	0.000497	0.015266	-1.100000
0.004680	-0.000174	-0.000135	0.000496	0.015231	-1.200000
0.004695	-0.000169	-0.000132	0.000494	0.015194	-1.300000
0.004710	-0.000164	-0.000130	0.000493	0.015153	-1.400000
0.004725	-0.000159	-0.000127	0.000491	0.015109	-1.500000
0.004740	-0.000154	-0.000125	0.000490	0.015062	-1.600000
0.004755	-0.000149	-0.000122	0.000488	0.015012	-1.700000
0.004770	-0.000144	-0.000120	0.000486	0.014958	-1.800000
0.004785	-0.000139	-0.000117	0.000484	0.014902	-1.900000
0.004800	-0.000134	-0.000115	0.000482	0.014842	-2.000000
0.004815	-0.000129	-0.000112	0.000480	0.014780	-2.100000
0.004830	-0.000125	-0.000110	0.000478	0.014714	-2.200000
0.004845	-0.000120	-0.000107	0.000476	0.014645	-2.300000
0.004860	-0.000115	-0.000105	0.000473	0.014573	-2.400000
0.004875	-0.000110	-0.000102	0.000471	0.014498	-2.500000
0.004890	-0.000105	-0.000100	0.000468	0.014420	-2.600000
0.004905	-0.000100	-0.000097	0.000466	0.014339	-2.700000
0.004920	-0.000096	-0.000095	0.000463	0.014255	-2.800000
0.004935	-0.000091	-0.000093	0.000460	0.014167	-2.900000
0.004950	-0.000086	-0.000090	0.000457	0.014077	-3.000000
0.004965	-0.000082	-0.000088	0.000454	0.013983	-3.100000
0.004980	-0.000077	-0.000086	0.000451	0.013886	-3.200000
0.004995	-0.000073	-0.000083	0.000447	0.013786	-3.300000
0.005010	-0.000068	-0.000081	0.000444	0.013683	-3.400000
0.005025	-0.000064	-0.000079	0.000441	0.013577	-3.500000
0.005040	-0.000059	-0.000076	0.000437	0.013468	-3.600000
0.005055	-0.000055	-0.000074	0.000433	0.013356	-3.700000
0.005070	-0.000051	-0.000072	0.000429	0.013240	-3.800000
0.005085	-0.000046	-0.000070	0.000426	0.013122	-3.900000
0.005100	-0.000042	-0.000067	0.000422	0.013000	-4.000000
0.005115	-0.000038	-0.000065	0.000417	0.012875	-4.100000
0.005130	-0.000034	-0.000063	0.000413	0.012748	-4.200000
0.005145	-0.000029	-0.000061	0.000409	0.012617	-4.300000
0.005160	-0.000025	-0.000059	0.000405	0.012483	-4.400000
0.005175	-0.000021	-0.000057	0.000400	0.012345	-4.500000
0.005190	-0.000017	-0.000055	0.000395	0.012205	-4.600000
0.005205	-0.000013	-0.000053	0.000391	0.012062	-4.700000
0.005220	-0.000009	-0.000051	0.000386	0.011915	-4.800000
0.005235	-0.000006	-0.000049	0.000381	0.011766	-4.900000
0.005250	-0.000002	-0.000047	0.000376	0.011613	-5.000000
0.005265	0.000002	-0.000045	0.000371	0.011457	-5.100000
0.005280	0.000006	-0.000043	0.000366	0.011298	-5.200000
0.005295	0.000009	-0.000041	0.000361	0.011136	-5.300000
0.005310	0.000013	-0.000039	0.000355	0.010971	-5.400000
0.005325	0.000016	-0.000037	0.000350	0.010803	-5.500000
0.005340	0.000020	-0.000036	0.000344	0.010631	-5.600000
0.005355	0.000023	-0.000034	0.000338	0.010457	-5.700000
0.005370	0.000027	-0.000032	0.000333	0.010279	-5.800000
0.005385	0.000030	-0.000030	0.000327	0.010099	-5.900000
0.005400	0.000033	-0.000029	0.000321	0.009915	-6.000000
0.005415	0.000036	-0.000027	0.000315	0.009728	-6.100000
0.005430	0.000039	-0.000025	0.000308	0.009538	-6.200000
0.005445	0.000042	-0.000024	0.000302	0.009345	-6.300000
0.005460	0.000045	-0.000022	0.000296	0.009148	-6.400000
0.005475	0.000048	-0.000021	0.000289	0.008949	-6.500000
0.005490	0.000051	-0.000019	0.000283	0.008747	-6.600000
0.005505	0.000054	-0.000018	0.000276	0.008541	-6.700000
0.005520	0.000056	-0.000016	0.000269	0.008332	-6.800000
0.005535	0.000059	-0.000015	0.000262	0.008120	-6.900000
0.005550	0.000062	-0.000014	0.000255	0.007905	-7.000000
0.005565	0.000064	-0.000012	0.000248	0.007687	-7.100000
0.005580	0.000066	-0.000011	0.000241	0.007466	-7.200000
0.005595	0.000069	-0.000010	0.000234	0.007242	-7.300000
0.005610	0.000071	-0.000009	0.000227	0.007015	-7.400000
0.005625	0.000073	-0.000008	0.000219	0.006784	-7.500000
0.005640	0.000075	-0.000007	0.000212	0.006550	-7.600000
0.005655	0.000077	-0.000005	0.000204	0.006314	-7.700000
0.005670	0.000079	-0.000004	0.000196	0.006074	-7.800000
0.005685	0.000081	-0.000003	0.000188	0.005831	-7.900000
0.005700	0.000083	-0.000002	0.000180	0.005585	-8.000000
0.005715	0.000085	-0.000002	0.000172	0.005335	-8.100000
0.005730	0.000086	-0.000001	0.000164	0.005083	-8.200000
0.005745	0.000088	0.000000	0.000156	0.004828	-8.300000
0.005760	0.000089	0.000001	0.000147	0.004569	-8.400000
0.005775	0.000090	0.000002	0.000139	0.004307	-8.500000
0.005790	0.000092	0.000002	0.000130	0.004043	-8.600000
0.005805	0.000093	0.000003	0.000122	0.003775	-8.700000
0.005820	0.000094	0.000004	0.000113	0.003504	-8.800000
0.005835	0.000095	0.000004	0.000104	0.003230	-8.900000
0.005850	0.000096	0.000005	0.000095	0.002952	-9.000000
0.005865	0.000097	0.000005	0.000086	0.002672	-9.100000
0.005880	0.000098	0.000006	0.000077	0.002389	-9.200000
0.005895	0.000098	0.000006	0.000068	0.002102	-9.300000
0.005910	0.000099	0.000006	0.000058	0.001812	-9.400000
0.005925	0.000099	0.000007	0.000049	0.001519	-9.500000
0.005940	0.000100	0.000007	0.000039	0.001223	-9.600000
0.005955	0.000100	0.000007	0.000030	0.000924	-9.700000
0.005970	0.000100	0.000007	0.000020	0.000622	-9.800000
0.005985	0.000100	0.000007	0.000010	0.000317	-9.900000
0.006000	0.000100	0.000007	0.000000	0.000008	-10.000000
0.006015	0.000100	0.000007	-0.000010	-0.000300	-9.900000
0.006030	0.000100	0.000007	-0.000020	-0.000606	-9.800000
0.006045	0.000099	0.000007	-0.000030	-0.000908	-9.700000
0.006060	0.000099	0.000007	-0.000039	-0.001207	-9.600000
0.006075	0.000098	0.000007	-0.000049	-0.001503	-9.500000
0.006090	0.000098	0.000006	-0.000058	-0.001796	-9.400000
0.006105	0.000097	0.000006	-0.000067	-0.002086	-9.300000
0.006120	0.000096	0.000006	-0.000077	-0.002373	-9.200000
0.006135	0.000095	0.000005	-0.000086	-0.002657	-9.100000
0.006150	0.000094	0.000005	-0.000095	-0.002938	-9.000000
0.006165	0.000093	0.000004	-0.000104	-0.003215	-8.900000
0.006180	0.000092	0.000004	-0.000113	-0.003490	-8.800000
0.006195	0.000091	0.000003	-0.000121	-0.003761	-8.700000
0.006210	0.000090	0.000002	-0.000130	-0.004030	-8.600000
0.006225	0.000088	0.000002	-0.000139	-0.004295	-8.500000
0.006240	0.000087	0.000001	-0.000147	-0.004557	-8.400000
0.006255	0.000085	0.000000	-0.000155	-0.004816	-8.300000
0.006270	0.000084	-0.000001	-0.000164	-0.005073	-8.200000
0.006285	0.000082	-0.000002	-0.000172	-0.005326	-8.100000
0.006300	0.000080	-0.000002	-0.000180	-0.005575	-8.000000
0.006315	0.000078	-0.000003	-0.000188	-0.005822	-7.900000
0.006330	0.000076	-0.000004	-0.000196	-0.006066	-7.800000
0.006345	0.000074	-0.000005	-0.000203	-0.006307	-7.700000
0.006360	0.000072	-0.000006	-0.000211	-0.006544	-7.600000
0.006375	0.000070	-0.000008	-0.000218	-0.006779	-7.500000
0.006390	0.000067	-0.000009	-0.000226	-0.007010	-7.400000
0.006405	0.000065	-0.000010	-0.000233	-0.007238	-7.300000
0.006420	0.000063	-0.000011	-0.000240	-0.007464	-7.200000
0.006435	0.000060	-0.000012	-0.000248	-0.007686	-7.100000
0.006450	0.000058	-0.000014	-0.000255	-0.007905	-7.000000
0.006465	0.000055	-0.000015	-0.000261	-0.008121	-6.900000
0.006480	0.000052	-0.000016	-0.000268	-0.008333	-6.800000
0.006495	0.000050	-0.000018	-0.000275	-0.008543	-6.700000
0.006510	0.000047	-0.000019	-0.000282	-0.008750	-6.600000
0.006525	0.000044	-0.000021	-0.000288	-0.008954	-6.500000
0.006540	0.000041	-0.000022	-0.000295	-0.009154	-6.400000
0.006555	0.000038	-0.000024	-0.000301	-0.009352	-6.300000
0.006570	0.000035	-0.000025	-0.000307	-0.009546	-6.200000
0.006585	0.000032	-0.000027	-0.000313	-0.009737	-6.100000
0.006600	0.000029	-0.000029	-0.000319	-0.009925	-6.000000
0.006615	0.000025	-0.000030	-0.000325	-0.010110	-5.900000
0.006630	0.000022	-0.000032	-0.000331	-0.010292	-5.800000
0.006645	0.000019	-0.000034	-0.000337	-0.010471	-5.700000
0.006660	0.000015	-0.000035	-0.000342	-0.010647	-5.600000
0.006675	0.000012	-0.000037	-0.000348	-0.010820	-5.500000
0.006690	0.000008	-0.000039	-0.000353	-0.010989	-5.400000
0.006705	0.000005	-0.000041	-0.000359	-0.011156	-5.300000
0.006720	0.000001	-0.000043	-0.000364	-0.011319	-5.200000
0.006735	-0.000003	-0.000045	-0.000369	-0.011480	-5.100000
0.006750	-0.000006	-0.000047	-0.000374	-0.011637	-5.000000
0.006765	-0.000010	-0.000049	-0.000379	-0.011791	-4.900000
0.006780	-0.000014	-0.000050	-0.000384	-0.011942	-4.800000
0.006795	-0.000018	-0.000052	-0.000388	-0.012090	-4.700000
0.006810	-0.000022	-0.000054	-0.000393	-0.012235	-4.600000
0.006825	-0.000026	-0.000057	-0.000397	-0.012377	-4.500000
0.006840	-0.000029	-0.000059	-0.000402	-0.012516	-4.400000
0.006855	-0.000034	-0.000061	-0.000406	-0.012651	-4.300000
0.006870	-0.000038	-0.000063	-0.000410	-0.012784	-4.200000
0.006885	-0.000042	-0.000065	-0.000414	-0.012913	-4.100000
0.006900	-0.000046	-0.000067	-0.000418	-0.013040	-4.000000
0.006915	-0.000050	-0.000069	-0.000422	-0.013163	-3.900000
0.006930	-0.000054	-0.000071	-0.000426	-0.013283	-3.800000
0.006945	-0.000058	-0.000074	-0.000430	-0.013400	-3.700000
0.006960	-0.000063	-0.000076	-0.000433	-0.013514	-3.600000
0.006975	-0.000067	-0.000078	-0.000437	-0.013625	-3.500000
0.006990	-0.000071	-0.000080	-0.000440	-0.013733	-3.400000
0.007005	-0.000076	-0.000083	-0.000444	-0.013838	-3.300000
0.007020	-0.000080	-0.000085	-0.000447	-0.013939	-3.200000
0.007035	-0.000084	-0.000087	-0.000450	-0.014038	-3.100000
0.007050	-0.000089	-0.000090	-0.000453	-0.014133	-3.000000
0.007065	-0.000093	-0.000092	-0.000456	-0.014226	-2.900000
0.007080	-0.000098	-0.000094	-0.000459	-0.014315	-2.800000
0.007095	-0.000102	-0.000097	-0.000461	-0.014401	-2.700000
0.007110	-0.000107	-0.000099	-0.000464	-0.014484	-2.600000
0.007125	-0.000112	-0.000102	-0.000467	-0.014564	-2.500000
0.007140	-0.000116	-0.000104	-0.000469	-0.014641	-2.400000
0.007155	-0.000121	-0.000106	-0.000471	-0.014715	-2.300000
0.007170	-0.000125	-0.000109	-0.000473	-0.014785	-2.200000
0.007185	-0.000130	-0.000111	-0.000476	-0.014853	-2.100000
0.007200	-0.000135	-0.000114	-0.000478	-0.014917	-2.000000
0.007215	-0.000139	-0.000116	-0.000479	-0.014979	-1.900000
0.007230	-0.000144	-0.000119	-0.000481	-0.015037	-1.800000
0.007245	-0.000149	-0.000121	-0.000483	-0.015092	-1.700000
0.007260	-0.000153	-0.000124	-0.000485	-0.015144	-1.600000
0.007275	-0.000158	-0.000126	-0.000486	-0.015193	-1.500000
0.007290	-0.000163	-0.000129	-0.000487	-0.015239	-1.400000
0.007305	-0.000168	-0.000131	-0.000489	-0.015282	-1.300000
0.007320	-0.000172	-0.000134	-0.000490	-0.015322	-1.200000
0.007335	-0.000177	-0.000136	-0.000491	-0.015358	-1.100000
0.007350	-0.000182	-0.000139	-0.000492	-0.015392	-1.000000
0.007365	-0.000187	-0.000141	-0.000493	-0.015422	-0.900000
0.007380	-0.000192	-0.000144	-0.000494	-0.015449	-0.800000
0.007395	-0.000196	-0.000147	-0.000494	-0.015474	-0.700000
0.007410	-0.000201	-0.000149	-0.000495	-0.015495	-0.600000
0.007425	-0.000206	-0.000152	-0.000496	-0.015513	-0.500000
0.007440	-0.000211	-0.000154	-0.000496	-0.015528	-0.400000
0.007455	-0.000216	-0.000157	-0.000496	-0.015539	-0.300000
0.007470	-0.000220	-0.000159	-0.000496	-0.015548	-0.200000
0.007485	-0.000225	-0.000162	-0.000497	-0.015554	-0.100000
